-0.003999
0.000536
0.008928
0.011476
0.000485
-0.008230
-0.014449
-0.020735
-0.007774
-0.005103
-0.008725
-0.005418
-0.008136
-0.002119
0.001480
-0.005301
-0.001250
0.005418
0.004366
0.008250
0.012211
0.014312
0.019772
0.017079
0.008544
0.006133
0.013619
0.019242
0.007392
0.012187
-0.000428
0.002050
0.006551
-0.003806
0.004341
0.006456
0.011638
0.003312
-0.009199
-0.013586
-0.021325
-0.019931
-0.010162
-0.013752
-0.009893
-0.012797
-0.006986
-0.000302
-0.004701
-0.012619
-0.000509
0.003378
0.011009
0.003996
0.012536
0.005455
-0.004797
0.005356
-0.005288
-0.009458
0.001781
-0.006062
0.001400
-0.005076
-0.005982
-0.006445
-0.013402
-0.007013
-0.008222
-0.005616
0.005901
0.004516
0.008820
0.000904
-0.004477
-0.001425
0.009063
0.013471
0.001926
0.008372
0.013361
0.001300
0.006214
-0.003542
-0.009417
-0.002418
-0.004307
-0.011319
-0.017439
-0.020084
-0.006962
-0.011804
-0.014920
-0.018895
-0.003233
-0.008647
-0.001008
-0.004525
0.004690
0.010148
0.019251
0.009067
0.004382
-0.003279
-0.003855
-0.004365
-0.009034
-0.003222
-0.002149
0.007957
-0.000691
0.010680
0.004289
0.003739
-0.004416
0.002988
0.013537
0.021412
0.014595
0.003137
-0.006044
0.005341
-0.004266
0.005461
0.014408
0.005104
0.005299
0.013598
0.004017
0.010860
0.003416
0.008004
-0.003376
0.005462
0.012393
0.002777
0.010319
0.000008
-0.010336
-0.001377
0.006965
0.012314
0.001524
0.001679
0.008843
-0.003534
-0.003889
-0.013774
-0.003205
-0.010335
-0.000578
-0.001627
-0.007108
-0.004459
0.004062
-0.006888
-0.015281
-0.004564
-0.013283
-0.001814
-0.008670
-0.006414
0.003625
-0.005604
0.005344
0.011289
-0.000126
0.009271
0.008887
0.011450
0.000161
0.001678
0.009984
-0.001772
0.003659
0.008205
0.002764
0.009685
0.007545
-0.004639
0.002506
-0.005150
-0.008721
-0.000099
-0.010594
-0.018618
-0.018071
-0.005872
-0.013684
-0.001250
-0.008351
-0.006399
0.004804
-0.004728
-0.000575
0.005136
0.011391
0.018843
0.010333
0.012255
0.002976
-0.007640
0.000266
-0.002139
-0.007858
0.002786
0.009173
-0.002318
0.000210
0.002542
-0.007748
-0.007176
-0.010116
0.000798
0.010002
0.017120
0.021950
0.009979
0.004311
0.004084
-0.002444
-0.012610
-0.018328
-0.023936
-0.018884
-0.008442
-0.015496
-0.009390
0.000855
0.010300
0.007838
0.012047
0.006922
0.002936
0.000733
0.005806
-0.000878
-0.002969
-0.011731
-0.012458
-0.000247
-0.001375
0.006547
0.014573
0.014234
0.001859
0.008284
0.010054
0.006180
0.010907
-0.001635
-0.002495
-0.012203
-0.018948
-0.011794
-0.007229
-0.014989
-0.014285
-0.017768
-0.009098
0.003513
-0.001851
0.000132
-0.000688
0.007881
-0.000211
-0.008024
-0.011540
-0.015899
-0.005254
0.006669
0.000408
0.003654
0.008554
0.014504
0.005800
0.015026
0.020590
0.016304
0.016284
0.014580
0.020077
0.017469
0.019989
0.012916
0.003083
-0.006419
-0.009452
-0.001748
-0.004966
-0.010974
-0.018436
-0.022142
-0.017677
-0.017834
-0.019632
-0.010781
-0.010968
-0.016953
-0.005316
0.003824
0.013988
0.006309
0.011351
0.019260
0.023575
0.009520
0.003461
0.001851
0.006427
0.007264
0.012032
0.001841
-0.007721
-0.008468
-0.008416
-0.002092
-0.001326
0.000775
-0.004539
-0.011583
-0.017453
-0.019003
-0.007387
0.003617
0.011995
0.007596
0.008821
0.003730
-0.005391
0.001540
0.006713
0.010727
-0.000518
0.001111
0.003622
-0.003004
0.002048
-0.002604
0.006365
-0.003600
0.000799
0.002807
-0.002571
0.006465
0.002531
-0.004327
-0.011924
-0.012927
-0.012554
-0.018953
-0.021238
-0.014911
-0.000972
-0.005328
0.006660
0.009724
0.011803
0.004126
0.013716
0.017946
0.013985
0.014231
0.020411
0.014979
0.019249
0.011937
-0.001088
0.006653
0.010615
-0.002676
-0.012387
-0.014477
-0.022474
-0.017749
-0.005672
0.004328
-0.005822
0.003233
0.007166
0.008901
0.012430
0.018103
0.004785
-0.006858
-0.014106
-0.021159
-0.019555
-0.006910
-0.014679
-0.002308
-0.003012
-0.010810
-0.017413
-0.021972
-0.020924
-0.009483
-0.003754
0.008018
0.000468
0.001178
0.012265
0.003009
0.010363
0.016006
0.006597
0.006242
0.004014
0.000715
0.007663
0.003291
0.012261
0.016111
0.021862
0.014759
0.002465
0.003867
0.000729
0.005794
-0.005993
0.000325
0.007954
-0.003311
-0.010272
-0.017929
-0.011666
-0.014732
-0.004404
-0.012857
-0.012544
-0.012130
-0.011772
-0.011707
-0.015756
-0.012900
-0.006389
-0.008468
0.004915
0.002073
0.000901
0.011967
0.020896
0.025302
0.011838
0.003347
0.005248
0.007788
0.004066
0.002949
0.011685
0.011949
0.018310
0.007367
0.001471
-0.007953
-0.008914
-0.008936
-0.002365
0.006724
0.001200
0.009561
0.010746
0.014140
0.001008
0.004385
0.005835
-0.002249
-0.008208
-0.001236
0.006574
0.002266
-0.003484
-0.011688
-0.008448
-0.016339
-0.021315
-0.008854
-0.011875
-0.009428
-0.016271
-0.020188
-0.006958
-0.013216
-0.017702
-0.009351
-0.013296
-0.011988
-0.011390
-0.013832
-0.016510
-0.002983
-0.000804
0.012674
0.022992
0.026639
0.033105
0.036234
0.031120
0.034365
0.032832
0.015826
0.003024
0.006136
0.000729
-0.010589
-0.015812
-0.008738
0.000186
0.002808
0.002627
0.009252
0.000092
-0.000072
-0.010274
-0.008420
-0.015082
-0.013858
-0.013830
-0.009721
-0.014268
-0.009192
0.001400
-0.004488
-0.011997
-0.000811
-0.008428
-0.001580
0.003845
-0.004919
-0.002204
-0.003827
0.003075
0.004651
-0.003896
-0.010702
-0.001832
0.007543
0.016573
0.017678
0.022648
0.012653
0.003436
-0.003629
-0.003623
-0.011861
-0.000032
0.004691
0.012673
0.018273
0.021179
0.024063
0.008521
0.010922
0.009488
-0.003633
-0.011609
-0.013916
-0.017897
-0.018895
-0.017084
-0.016180
-0.004067
-0.003023
0.004316
0.003785
0.003860
0.006262
-0.004201
-0.001135
0.000934
0.010053
-0.000727
-0.009428
0.000773
0.001954
-0.003152
-0.009037
-0.005250
0.000040
-0.000743
0.009066
0.003130
-0.000003
0.009236
0.006975
0.012283
0.009776
0.016191
0.005087
-0.005657
-0.004790
0.000759
0.004346
-0.002241
-0.012293
-0.002502
0.005920
-0.004090
0.003854
0.004394
0.008623
0.009468
0.007917
-0.001774
0.006175
0.005262
-0.006417
-0.001086
-0.009569
-0.005391
-0.010747
-0.001324
-0.010205
-0.013271
-0.004195
-0.011050
-0.017731
-0.019255
-0.014045
-0.018274
-0.013854
-0.018127
-0.008859
0.002157
0.012755
0.021067
0.024366
0.026766
0.016013
0.010182
0.008678
0.012660
0.006606
0.008197
0.014743
0.004007
0.009411
-0.001008
0.002963
-0.008757
-0.017937
-0.014604
-0.013446
-0.010534
-0.004210
-0.002997
-0.008471
-0.010131
-0.015293
-0.007019
-0.004623
0.003626
-0.003784
-0.007609
0.001114
-0.000887
-0.003154
0.007782
0.010280
0.011956
0.005465
-0.004588
0.006137
0.004435
0.004306
-0.004094
-0.012130
-0.015780
-0.006718
0.004342
0.003548
0.012191
0.007976
0.012232
0.011617
0.017214
0.020472
0.021506
0.016629
0.019114
0.003943
-0.001350
0.002123
0.001005
0.003394
0.002284
0.007618
-0.006047
-0.005178
-0.005328
-0.000482
-0.011047
-0.018276
-0.023164
-0.022001
-0.010312
-0.000010
-0.002113
-0.008594
-0.003212
0.005923
0.009733
0.010749
0.001779
-0.001651
-0.010096
-0.017452
-0.006600
0.001090
0.003837
0.005288
0.004148
0.011149
0.004645
0.011053
0.011952
-0.000244
0.001751
-0.003717
0.004180
-0.000508
-0.003851
-0.010683
-0.016835
-0.008808
-0.011121
-0.017505
-0.016245
-0.003954
0.005743
-0.003952
0.000829
0.006093
0.011955
0.015809
0.004815
0.005017
0.000365
0.006027
-0.000468
0.007953
0.014176
0.001846
-0.000359
0.002152
-0.001827
-0.011469
-0.003131
-0.003021
-0.007965
-0.008814
-0.007336
-0.004313
0.006011
0.005608
0.004723
-0.002071
0.005952
0.004143
0.004183
-0.005289
0.004650
0.012428
0.013556
0.015887
0.007132
0.009817
0.010646
0.005152
-0.007445
-0.000674
-0.004610
-0.005894
0.002849
-0.002674
-0.012332
-0.010658
-0.019061
-0.006752
-0.008610
-0.016172
-0.013896
-0.018887
-0.023810
-0.020270
-0.007269
-0.010454
0.002320
0.009180
0.013893
0.007886
0.010502
0.003694
0.011005
0.007150
-0.002803
-0.005536
-0.007541
-0.005799
-0.006973
-0.000104
0.010286
0.006738
-0.000767
0.009573
0.010120
-0.000625
-0.003829
-0.008168
0.000294
0.010240
0.016833
0.014237
0.001928
-0.007220
-0.007966
0.002534
0.001558
0.001870
-0.006933
0.003514
0.004534
-0.003385
-0.002416
-0.007641
-0.013140
-0.010072
0.000401
-0.008117
-0.011233
0.001073
-0.006744
0.004654
-0.000382
0.008635
0.017264
0.023642
0.010816
0.004343
-0.002186
0.006179
0.013928
0.002109
-0.000930
-0.004643
-0.008699
-0.015875
-0.005404
0.001340
0.006993
-0.002394
-0.001544
-0.008883
-0.010002
-0.010137
-0.011921
-0.004389
0.006368
0.014604
0.020409
0.022076
0.007975
0.000535
0.009135
0.009459
0.000578
0.008725
-0.000617
-0.007335
-0.007168
-0.008753
-0.014368
-0.004040
-0.012613
-0.001692
-0.000551
0.001803
-0.007226
-0.012636
-0.014302
-0.007668
-0.014520
-0.003166
0.003832
-0.004996
-0.000398
-0.005175
0.006544
-0.002181
0.007717
-0.000575
0.009373
0.013322
0.020714
0.007585
0.002520
0.011382
0.002970
-0.007125
-0.013063
-0.014015
-0.008636
-0.003353
-0.009317
-0.013824
-0.010891
-0.014943
-0.012789
-0.013593
0.000724
0.008366
0.016194
0.007456
0.001252
-0.006290
-0.002784
0.001024
0.011486
0.013975
0.005938
0.015211
0.022368
0.008946
0.009817
-0.001600
-0.005462
-0.006098
-0.011525
-0.006321
-0.002377
-0.007898
-0.003634
0.001079
-0.007105
0.000266
-0.000159
0.008649
0.012615
0.015484
0.021610
0.026080
0.015941
0.004296
-0.001346
-0.007017
0.002374
0.002963
0.010395
-0.000489
-0.010001
-0.000895
0.004327
0.000103
-0.008478
0.001126
-0.003690
-0.008788
-0.014748
-0.011929
-0.004029
-0.009582
-0.005912
0.004258
-0.000435
-0.008491
-0.014373
-0.008004
0.000943
-0.000495
-0.008975
-0.014842
-0.003159
0.005105
0.013881
0.005015
-0.003248
-0.002008
-0.004701
-0.005293
-0.008314
-0.012945
-0.004406
-0.006218
-0.006652
0.004979
-0.003406
0.004781
0.001898
0.006666
0.005683
0.009036
0.000810
0.010136
-0.000013
0.000325
-0.003556
-0.010912
-0.013462
