-0.001011
-0.005385
-0.001830
-0.005851
-0.013584
-0.016197
-0.020210
-0.024350
-0.019310
-0.021310
-0.008067
-0.012840
-0.015971
-0.016425
-0.014127
-0.005096
-0.008711
0.001834
0.012771
0.021047
0.028314
0.030608
0.027887
0.021399
0.011011
0.001964
-0.001209
-0.003339
0.003629
0.013058
0.019666
0.009911
0.017635
0.006475
0.009741
0.003405
0.005940
0.012287
0.007756
0.004825
0.004311
0.006075
0.012507
0.008783
0.000872
0.000014
-0.009593
-0.011223
-0.010478
-0.015080
-0.009098
-0.016284
-0.006410
-0.013754
-0.006932
0.003230
0.006892
0.006164
0.010571
0.001533
0.003727
0.001114
0.009390
0.015834
0.010339
0.009350
-0.002370
-0.005782
-0.012562
-0.004736
-0.010881
-0.005765
-0.005675
0.002856
-0.003669
0.005117
-0.000504
-0.008475
-0.011510
-0.015980
-0.021865
-0.009063
0.001824
-0.006480
-0.001258
-0.003154
0.007056
0.012581
0.003478
-0.004346
-0.005280
-0.012593
-0.001642
0.003480
-0.003402
0.007161
-0.001820
-0.008416
0.000456
-0.006328
-0.002539
-0.004349
-0.000952
-0.005599
-0.002799
-0.004029
-0.008885
-0.006627
-0.008840
-0.014186
-0.000727
0.008948
0.002762
-0.001919
-0.002277
-0.004758
0.007392
-0.000173
0.004469
0.012021
0.003443
-0.003960
-0.004511
-0.005634
0.001355
0.009571
0.004730
0.007082
0.014347
0.022650
0.020731
0.014084
0.012521
0.003287
0.009657
0.005254
0.012575
0.003393
0.009402
-0.001620
0.005914
-0.004517
0.003812
-0.001116
0.002146
-0.007329
0.001596
-0.007485
0.001307
-0.004005
0.004233
0.011635
0.016720
0.015184
0.002720
0.009181
0.007001
0.000526
0.005894
-0.002168
-0.005707
-0.012461
-0.016190
-0.019684
-0.025787
-0.031577
-0.023101
-0.017083
-0.004811
-0.007417
0.003415
0.010656
0.017176
0.007177
0.008244
0.012924
0.018562
0.023128
0.016644
0.021181
0.010171
-0.000346
0.005058
-0.005979
-0.004008
0.003616
-0.002143
-0.012043
-0.004346
-0.010054
-0.018863
-0.008689
-0.001730
-0.003420
-0.012101
-0.001856
-0.010774
-0.012051
-0.019057
-0.012488
-0.001575
-0.002086
-0.006955
-0.000676
0.009187
0.009988
0.017225
0.014856
0.003938
-0.001385
-0.009204
0.001229
0.009996
0.008807
0.016185
0.021150
0.008811
0.014991
0.005614
-0.005861
0.002256
-0.001016
-0.007762
0.000784
0.007758
-0.001320
-0.005094
0.002409
0.005764
0.012145
-0.000365
-0.005514
0.001573
-0.006277
-0.015401
-0.007464
0.000573
-0.002746
-0.003984
-0.006057
-0.011188
-0.003793
-0.007603
-0.010155
-0.004323
0.004664
0.012604
0.001385
0.008329
0.011171
-0.000290
0.007142
0.011177
0.004679
-0.005256
0.001152
0.007725
0.004614
0.010902
0.002066
-0.002441
-0.002380
-0.012523
-0.017057
-0.022188
-0.010785
-0.002427
0.005150
0.012543
0.008252
0.014952
0.010369
0.004705
-0.005697
0.000190
0.004325
0.004645
-0.006663
-0.007701
-0.016853
-0.024180
-0.017757
-0.024064
-0.028146
-0.031320
-0.016342
-0.003074
-0.009250
0.003190
-0.003926
-0.004055
-0.009650
-0.006579
-0.007915
-0.012365
-0.015639
-0.002304
-0.007195
0.005620
0.017132
0.025231
0.021907
0.012569
0.016480
0.009512
0.017575
0.024669
0.012727
0.013628
0.019316
0.012439
0.015553
0.021093
0.011852
0.017208
0.004416
0.007585
0.010108
0.007506
0.012335
0.012300
0.004594
0.000154
-0.001188
-0.012306
-0.004827
-0.000244
-0.011794
-0.004075
0.001656
0.005294
-0.007298
-0.001581
0.003519
0.006671
0.006918
-0.003902
-0.012743
-0.021007
-0.025941
-0.014993
-0.005331
0.000089
-0.010125
-0.002683
-0.003830
-0.012713
-0.002999
-0.011639
-0.008040
-0.001500
0.002496
0.008637
0.002854
0.007481
-0.003037
0.000048
0.002831
-0.000956
-0.004654
0.004089
0.011596
0.005286
0.000271
-0.003583
-0.010618
-0.002303
-0.004628
-0.009530
-0.013698
-0.011130
-0.016069
-0.006951
-0.012628
-0.010498
-0.004906
0.002202
0.012033
0.016714
0.018601
0.023771
0.029120
0.021436
0.008901
0.012976
0.017095
0.004985
0.007752
-0.001547
-0.000748
-0.011669
-0.021036
-0.027499
-0.029310
-0.034392
-0.037952
-0.028083
-0.024070
-0.027025
-0.028566
-0.026290
-0.019914
-0.018622
-0.002008
0.010462
0.005390
0.004437
0.000679
0.011865
0.023014
0.015652
0.007936
0.007664
0.015888
0.015709
0.007013
0.015424
0.009570
0.003370
0.000766
-0.006590
0.003863
-0.003655
-0.006819
-0.010222
-0.007854
-0.011482
-0.013679
-0.003075
0.002931
0.000120
0.011674
0.003992
0.014613
0.013571
0.004577
0.001279
0.005185
0.012316
0.019441
0.026384
0.027758
0.014994
0.006065
0.008888
0.013729
0.012620
0.003433
-0.003978
-0.000659
0.006928
-0.003891
-0.012849
-0.003728
0.000877
-0.007492
0.001305
-0.002074
-0.000473
-0.009646
-0.000750
-0.008323
-0.007023
-0.001721
-0.001177
0.000776
0.007349
0.004748
0.005623
-0.001519
0.005793
-0.002500
0.005756
0.012803
0.003838
0.010908
0.001415
0.005272
-0.004379
-0.000048
-0.004431
0.002475
0.002411
-0.008392
-0.002804
0.000349
-0.009795
-0.003690
-0.005050
0.001177
0.003608
-0.006876
-0.015614
-0.005045
-0.011740
-0.008435
-0.015754
-0.005015
-0.001847
0.007415
-0.001195
0.006245
0.012392
0.002028
0.010255
0.001388
0.003609
0.007185
-0.001839
0.006052
-0.002873
-0.011741
-0.011925
-0.008828
-0.000356
-0.003902
0.004807
-0.004584
-0.002579
0.006925
0.001817
-0.007321
-0.014394
-0.020152
-0.011516
-0.000386
-0.002835
-0.006478
-0.007831
-0.003384
-0.007363
-0.008391
0.002631
0.010287
0.002014
0.003263
0.004140
-0.003075
-0.009770
-0.007321
0.004341
0.010457
0.018554
0.016812
0.017226
0.021988
0.021285
0.010939
0.007510
0.010375
-0.000787
-0.004000
-0.012319
-0.018223
-0.015314
-0.021992
-0.020335
-0.021562
-0.025951
-0.012004
-0.005070
-0.004230
0.006024
0.009304
0.019025
0.019692
0.009247
0.012039
0.007668
0.015004
0.004921
0.002486
0.009630
0.016579
0.005058
0.001865
-0.007788
-0.005762
0.003759
0.011665
0.006281
0.004366
-0.005903
-0.014394
-0.004657
-0.008370
-0.011627
-0.001734
-0.006215
-0.006428
-0.006300
-0.003325
-0.007565
-0.004649
-0.008227
-0.014457
-0.014906
-0.017572
-0.020949
-0.013877
-0.017598
-0.019047
-0.007277
-0.010368
0.004166
0.007203
0.003498
0.015475
0.019450
0.026099
0.019221
0.016524
0.020016
0.010328
0.016816
0.021681
0.012138
0.003601
0.011820
0.002499
-0.006801
-0.000689
-0.000790
0.006770
0.001874
0.001392
-0.008248
-0.015626
-0.005980
-0.011486
-0.008138
-0.008220
-0.015121
-0.007591
-0.009948
0.001866
0.006746
0.008961
0.017335
0.008044
0.015687
0.010751
0.011318
0.003627
0.001686
-0.000151
-0.002628
-0.011339
-0.014507
-0.006139
0.002858
-0.005004
-0.006976
0.003489
0.006602
-0.002265
0.003689
0.003441
0.001955
0.004338
-0.005149
0.000680
0.001843
0.004522
-0.003798
0.001490
0.006337
0.008729
0.012282
0.018374
0.016922
0.008251
0.003045
0.006029
0.004788
-0.001761
-0.007273
0.000354
0.002179
0.003074
0.005154
-0.005355
-0.014781
-0.006073
-0.013664
-0.008100
-0.004185
-0.000378
-0.009452
-0.006413
0.001315
0.004004
-0.005954
-0.011977
-0.012938
-0.012667
-0.018732
-0.012252
-0.007771
0.001216
-0.006072
-0.000339
0.007165
0.007158
0.015985
0.022332
0.020220
0.010202
0.012968
0.014765
0.017283
0.017860
0.014881
0.001863
0.008435
0.008634
-0.003761
-0.002698
0.004234
-0.006561
-0.016827
-0.025185
-0.031549
-0.035809
-0.025537
-0.029850
-0.023917
-0.027264
-0.022802
-0.018807
-0.004090
-0.008085
-0.009640
0.004503
-0.000638
0.006583
0.013217
0.016958
0.026392
0.026581
0.020719
0.020976
0.017717
0.021903
0.026635
0.029996
0.026898
0.014606
0.004093
0.001847
0.005885
0.009292
0.004708
-0.006175
0.001061
-0.005377
0.001537
0.007271
0.010224
0.004140
0.008982
0.006380
-0.000108
-0.010056
-0.019482
-0.027244
-0.018493
-0.024110
-0.019600
-0.025075
-0.013404
-0.005969
-0.009635
-0.010761
-0.001593
-0.007536
-0.010256
-0.005468
0.005403
-0.000513
0.009165
0.009668
0.017863
0.021611
0.018699
0.006648
0.001816
-0.007366
-0.015645
-0.016077
-0.018973
-0.013350
-0.001903
-0.004596
-0.011803
-0.010623
0.001039
0.001957
-0.002531
-0.004235
-0.007107
-0.001110
0.008801
0.000744
0.001939
0.009166
0.014684
0.013459
0.004284
0.010709
0.007295
-0.002180
0.003204
0.007412
-0.000095
-0.008228
-0.015807
-0.008992
0.000195
0.009330
0.003794
-0.004963
0.003666
-0.004305
0.003626
0.005667
0.007431
0.015101
0.003842
-0.005822
-0.000253
-0.001558
-0.009440
-0.000479
0.003124
0.008891
0.008352
0.013457
0.016318
0.013786
0.003800
0.003608
-0.006959
-0.014910
-0.022608
-0.015388
-0.022154
-0.011683
-0.017290
-0.005192
-0.010934
-0.012436
-0.002173
-0.007631
-0.001909
-0.000817
0.006104
0.000243
-0.006751
-0.012595
-0.000519
-0.004100
0.002639
0.011126
0.013916
0.019307
0.025481
0.022228
0.011094
0.009041
-0.000717
-0.009113
0.000055
0.003659
0.012005
0.005085
0.011465
0.012529
0.001300
-0.003620
-0.006147
-0.000198
-0.005503
-0.010548
-0.008842
-0.015933
-0.006995
-0.012755
-0.010878
-0.011199
-0.000126
-0.006923
-0.013635
-0.013212
-0.005181
-0.002268
-0.000252
-0.004219
-0.008270
-0.001321
0.006180
0.005004
0.005266
0.014491
0.022860
0.025566
0.018841
0.014041
0.012830
0.013955
0.010058
0.014083
0.019430
0.022784
0.017116
0.007978
0.001134
0.005379
0.006514
-0.006226
-0.001722
-0.013132
-0.005271
-0.002200
0.004556
0.002584
-0.003201
-0.013146
-0.010296
-0.002589
-0.009556
-0.003264
0.003776
0.007949
0.004254
0.008811
-0.001524
-0.003250
0.002814
-0.004165
-0.011902
-0.003982
-0.013669
-0.012632
-0.013523
-0.017998
-0.017250
-0.016217
-0.005017
-0.007905
0.001797
0.000084
-0.003406
-0.011149
-0.008452
0.002687
0.011401
0.018111
0.018235
0.007428
0.002567
0.010723
0.016364
0.018624
0.021717
0.025714
0.015018
0.001192
-0.004333
-0.007711
-0.016797
-0.007952
-0.006659
-0.016436
-0.012078
-0.020443
-0.009489
0.000238
0.005429
0.001759
-0.007947
-0.015952
-0.015615
-0.022092
-0.014348
-0.019951
-0.019806
-0.023903
-0.011319
-0.009092
0.003730
0.012048
0.004658
0.005613
0.015189
0.015674
0.007038
0.016206
