-0.005577
-0.001604
0.007088
0.012166
0.014484
0.013943
0.012768
0.014163
0.017486
0.012528
0.011166
0.015383
0.009235
0.003565
-0.002814
-0.008259
-0.011042
-0.005694
-0.004280
0.003065
0.004341
0.005242
0.007530
0.008989
0.013022
0.002414
0.005196
0.006216
0.005483
0.004221
0.007624
0.010712
0.013648
0.008684
0.008703
0.008352
-0.002202
-0.000138
-0.006976
-0.006172
-0.002251
0.000926
-0.000905
-0.010641
-0.004552
-0.009467
-0.005041
-0.000090
-0.007311
-0.005327
-0.006363
-0.014599
-0.008247
-0.005477
-0.013748
-0.009959
-0.009281
-0.005796
-0.000784
0.005658
0.006506
0.004914
-0.005707
-0.005510
-0.007734
-0.011669
-0.003736
0.003622
0.009750
0.011162
0.009833
0.013517
0.015291
0.008061
0.011404
0.009082
0.009920
0.001687
0.003654
0.003803
-0.002651
-0.005063
-0.000532
-0.004983
-0.001055
-0.004211
-0.011187
-0.012110
-0.004542
-0.003095
-0.000520
-0.003608
0.002069
-0.001799
-0.002652
0.001819
0.003795
0.008543
0.002455
-0.002993
0.002533
-0.005246
-0.000700
0.003267
0.006425
0.008428
0.008463
0.008402
0.001977
0.000797
-0.004912
-0.007895
-0.008036
-0.005511
0.000040
0.003117
-0.001258
-0.010451
-0.012890
-0.005147
0.001339
-0.000142
0.000809
0.004499
0.004714
-0.001038
-0.006321
0.000727
-0.000299
0.000409
0.000736
0.005975
0.003727
0.000475
-0.001780
0.003113
0.003013
0.003784
0.006022
-0.003039
0.002767
0.003591
0.004327
0.006937
0.009511
-0.003249
-0.002862
-0.005531
-0.008642
-0.005260
0.000536
0.004159
0.008103
0.009781
0.003500
-0.005469
-0.012483
-0.009206
-0.015261
-0.012013
-0.015599
-0.019861
-0.020570
-0.014005
-0.008218
-0.010878
-0.002501
0.001214
0.001035
0.003547
-0.000695
0.006026
0.009078
0.001642
0.002456
-0.000173
0.000689
-0.003576
-0.005248
-0.000087
-0.004563
-0.006462
-0.010174
-0.013393
-0.012864
-0.006202
-0.002425
0.000500
0.008708
0.015681
0.012591
0.009745
0.016128
0.013824
0.012308
0.010273
0.011705
0.011907
0.014148
0.017257
0.016453
0.013421
0.002523
0.002924
-0.003369
-0.001184
0.002814
0.004525
0.008018
0.008606
0.005005
0.000385
-0.008609
-0.007961
-0.011515
-0.012189
-0.015323
-0.009618
-0.002340
-0.010333
-0.007104
-0.007241
-0.002246
-0.000923
-0.000672
0.001238
0.006000
0.007072
0.009584
0.011427
0.010625
0.011828
0.014885
0.016590
0.016212
0.007689
0.006488
0.007012
-0.003367
-0.012252
-0.010107
-0.014875
-0.015060
-0.010297
-0.004581
-0.004739
-0.003608
-0.001357
0.001662
0.000923
0.003952
0.001226
0.005460
-0.000657
-0.006328
-0.005354
-0.000285
-0.010489
-0.008623
-0.005047
0.001607
-0.003922
-0.005776
-0.002677
-0.001788
0.001959
0.001529
0.005238
0.008462
0.009775
0.012741
0.009340
0.002616
0.001762
0.003007
0.004171
0.003433
0.003934
-0.003176
-0.000546
-0.010697
-0.006311
-0.002418
0.001161
-0.000082
0.004881
-0.005682
-0.001927
-0.002554
-0.002888
-0.007991
-0.003515
0.000397
-0.002889
-0.006201
-0.000164
-0.001080
-0.001732
-0.004240
-0.007393
-0.001585
-0.004794
-0.002936
0.001344
-0.000167
-0.004706
-0.012153
-0.008114
-0.011693
-0.010468
-0.008571
-0.002873
0.004559
0.007987
0.001615
0.005702
0.011780
0.015999
0.008696
0.008242
0.004336
0.004632
-0.000649
-0.002377
-0.010042
-0.005117
-0.007687
-0.008403
-0.004162
0.003212
0.006484
0.006514
0.011084
0.010245
0.006037
0.001797
0.005460
0.008575
0.012586
0.007868
0.010170
0.004114
0.003859
-0.007397
-0.006527
-0.002297
-0.000047
0.003425
0.001068
0.004024
0.007683
0.009525
0.003373
-0.001633
-0.008009
-0.011747
-0.014929
-0.015508
-0.008987
-0.013001
-0.006394
-0.003309
-0.001198
0.002077
-0.002884
-0.006551
-0.000978
0.001152
-0.003054
0.003007
0.002418
0.001508
0.006903
0.008306
-0.001566
-0.002913
0.003440
0.006602
-0.001547
0.001002
0.004220
-0.002460
0.002987
0.003984
0.002217
-0.002130
0.003845
0.007152
0.009408
0.001372
-0.001476
-0.006156
-0.000865
-0.002089
0.003645
0.002013
0.000133
-0.001563
0.001370
0.004990
0.007933
0.008985
0.009487
0.009673
0.005202
0.005970
-0.001717
-0.012956
-0.008186
-0.013033
-0.011718
-0.015224
-0.012953
-0.005750
0.000242
-0.004381
-0.007923
-0.005908
-0.002246
-0.000555
0.004593
0.006118
0.004415
-0.001920
-0.011465
-0.003569
0.001099
0.004454
-0.001703
0.001696
0.006899
0.007691
0.006809
0.004830
-0.001764
-0.003970
0.002335
0.005466
0.001338
-0.009902
-0.005734
0.000110
0.000062
-0.000749
0.001835
0.006193
0.005641
0.008406
0.004554
0.002252
-0.001420
0.003462
0.007337
0.005904
0.001339
0.000829
-0.000586
-0.003967
0.000980
0.003236
-0.001267
-0.010088
-0.003572
0.002195
-0.007054
-0.001344
0.003483
0.005927
0.007926
0.010230
0.003970
0.008076
0.002669
-0.008474
-0.006440
-0.003556
-0.009700
-0.017090
-0.012911
-0.021572
-0.011957
-0.014430
-0.006774
0.000033
-0.002443
0.003893
0.002248
0.006597
0.000137
0.005747
0.008602
0.001355
0.006937
0.003671
0.003793
-0.002026
0.004396
-0.004925
-0.005567
-0.001541
0.001587
0.002225
0.002365
-0.002199
-0.005131
0.000101
0.004660
0.005388
-0.002266
-0.001706
0.003320
0.000182
0.000642
0.006678
0.006366
0.006673
0.003099
-0.000050
-0.001599
-0.006192
-0.010744
-0.007531
-0.016037
-0.010865
-0.005914
-0.005421
-0.004726
-0.013420
-0.011710
-0.003891
0.003435
0.006938
0.001428
0.002086
0.006786
-0.001560
-0.002213
-0.000445
0.003138
0.005368
0.010908
0.014989
0.019082
0.019349
0.021657
0.011672
-0.000133
0.003810
0.001201
-0.004459
-0.004636
-0.000078
0.004636
0.000870
0.005671
-0.002323
-0.006517
-0.008737
-0.006203
-0.007791
-0.009964
-0.015220
-0.007842
-0.002243
0.002833
0.007577
0.007583
-0.001206
-0.001994
0.000177
-0.011433
-0.007144
-0.001960
0.004384
0.004386
0.004321
0.006368
0.010695
0.001059
-0.003265
-0.002927
-0.002035
0.001448
0.004992
0.001059
-0.006119
-0.001379
-0.003574
-0.003522
-0.003858
0.002705
0.001165
-0.000773
0.003865
-0.002549
-0.011229
-0.008304
-0.000467
-0.005894
-0.003496
0.002197
-0.002888
-0.007501
-0.007772
-0.014451
-0.004556
-0.000933
0.004970
0.000016
0.003008
0.001827
0.004965
0.005633
0.001212
0.004644
0.002364
-0.007681
0.000014
0.004543
0.010384
0.002376
0.006593
0.006796
0.000815
0.004460
0.007738
0.004384
0.007018
0.003204
0.001786
0.002922
0.000469
0.002931
0.001193
-0.000294
-0.004516
-0.002522
-0.003915
-0.008649
-0.007050
-0.004596
-0.003543
-0.000601
0.002413
0.003242
0.006715
0.007326
0.000960
0.004538
0.008283
0.004951
0.004776
0.004764
0.002837
0.001756
0.002989
0.003330
0.002658
-0.002055
-0.002587
0.000300
0.000478
-0.011607
-0.007935
-0.014063
-0.009994
-0.011971
-0.004396
-0.000114
-0.002238
-0.008281
-0.011695
-0.003443
0.004165
0.008837
0.002483
0.000040
0.004417
-0.005251
-0.008596
-0.002370
-0.006042
-0.001989
0.005203
0.010409
0.008965
0.001160
-0.001957
0.005020
0.007360
0.004208
0.005855
0.003209
0.008577
0.002722
0.007086
-0.002866
-0.007864
-0.006202
-0.001971
-0.002876
-0.003382
-0.000814
0.003056
-0.004259
-0.001782
-0.007578
-0.004309
-0.001159
0.004083
0.000183
-0.004527
-0.008888
-0.011783
-0.003880
-0.001686
0.003692
0.006246
-0.001809
-0.000845
0.004584
0.001794
-0.001381
-0.002844
-0.005288
0.001428
-0.000725
0.004861
-0.000638
0.000120
0.005769
0.011323
0.013579
0.016675
0.019595
0.017943
0.008018
0.011377
0.009544
0.006630
0.009852
0.010797
0.005629
0.008137
0.005323
0.006353
0.008095
0.001565
0.004190
-0.007298
-0.012706
-0.013437
-0.014988
-0.012150
-0.017076
-0.017835
-0.016905
-0.022096
-0.016624
-0.014134
-0.006348
-0.000354
0.001219
0.004967
0.008830
0.004115
0.007661
0.008201
-0.003981
0.001841
-0.008820
-0.017811
-0.017578
-0.007599
-0.004617
0.001101
0.001424
0.006487
0.008010
0.004435
0.005943
0.010621
0.014502
0.009119
0.011476
0.008743
0.012169
0.014748
0.010823
0.010293
0.006127
0.002465
0.001010
0.004819
0.007629
0.007892
0.001357
0.002567
-0.003523
-0.001775
-0.001724
0.001419
-0.004393
-0.007768
-0.004309
-0.009291
-0.014707
-0.012340
-0.006425
-0.002406
0.001852
-0.003077
-0.011406
-0.004500
0.001850
0.002558
-0.005173
-0.012231
-0.015705
-0.006894
-0.013792
-0.019150
-0.009375
-0.007699
-0.008193
-0.004477
-0.003034
0.005431
0.008433
0.002410
0.002760
-0.003142
0.001756
0.004215
0.000607
0.006392
-0.003438
-0.003651
-0.000396
-0.006356
-0.010535
-0.009064
-0.003486
-0.003466
0.002099
0.006775
0.011045
0.013019
0.016786
0.018476
0.020025
0.019113
0.015272
0.016911
0.006283
0.008706
0.007243
0.001409
-0.002347
-0.001666
-0.004575
-0.003180
-0.009135
-0.011415
-0.013104
-0.016815
-0.009039
-0.002899
-0.006724
-0.006689
-0.011872
-0.003646
-0.005427
0.001231
0.005996
0.009232
-0.003460
-0.001468
0.001853
0.003027
0.007174
0.005571
0.007356
0.006441
-0.003889
-0.003526
-0.006383
0.000313
0.003420
0.006449
0.010316
0.010609
0.009408
0.005464
0.005121
0.000243
-0.003268
-0.001976
-0.004404
-0.005358
-0.006271
-0.001849
-0.000076
0.000887
-0.002083
0.001168
-0.006136
-0.004422
-0.000762
0.002955
0.007089
0.011546
0.014671
0.015055
0.007932
0.003671
0.005564
0.008867
0.005978
0.005393
-0.003416
-0.001955
-0.009053
-0.012335
-0.010498
-0.015758
-0.011405
-0.006377
-0.012016
-0.007471
-0.000464
0.002546
0.007427
-0.001226
-0.005950
0.000443
0.005009
0.009126
0.012953
0.014910
0.004132
-0.001525
0.001553
0.006161
0.008375
0.003637
0.000546
-0.000193
0.000577
0.001958
-0.001187
-0.007221
-0.004664
-0.001153
0.000340
-0.002301
0.001143
0.004304
0.005296
0.008167
0.009795
0.010166
0.001650
-0.005174
-0.000767
-0.000447
0.001151
0.004685
0.004155
0.006622
-0.000550
0.002753
-0.004579
-0.007737
-0.012511
-0.013998
-0.012062
-0.016939
-0.010259
-0.007630
-0.003518
-0.008448
-0.002684
-0.001839
-0.002705
-0.005772
-0.001883
-0.009368
-0.010018
-0.002755
-0.002645
-0.002188
0.002008
0.002568
-0.005039
0.001151
0.002816
-0.000378
0.001574
