-0.008722
-0.004565
-0.008896
-0.002171
-0.010328
-0.000166
0.000592
-0.007137
-0.006216
-0.010989
0.000831
0.009279
0.005835
-0.001606
0.008014
0.010544
0.009656
0.004414
-0.001781
0.004768
0.010446
0.017450
0.013578
0.018566
0.013780
0.008119
0.000103
-0.010490
-0.014807
-0.016060
-0.023011
-0.011172
-0.008924
-0.014022
-0.018451
-0.021611
-0.020743
-0.023980
-0.008381
0.001525
-0.001737
-0.007130
-0.004367
-0.007131
0.006134
0.017086
0.013493
0.004368
0.011649
0.006522
0.002467
0.011854
0.003469
-0.002633
-0.006884
-0.002677
0.004203
-0.003045
-0.005845
0.003716
-0.001645
0.000756
0.003955
0.009873
0.009404
0.009488
0.011332
0.016328
0.022473
0.016866
0.019734
0.015116
0.002470
0.009127
-0.001608
-0.002352
-0.012296
-0.013996
-0.017085
-0.023686
-0.014342
-0.007086
0.002881
0.002109
0.007419
-0.001385
-0.006301
-0.012678
-0.014324
-0.017286
-0.020346
-0.016593
-0.014299
-0.011868
-0.009583
-0.006146
0.005520
0.016185
0.024731
0.023697
0.028668
0.017860
0.018450
0.024225
0.010891
0.017315
0.007829
-0.003787
-0.013328
-0.020419
-0.008294
-0.015367
-0.008125
0.001863
0.010734
0.005881
0.000539
0.004357
-0.001010
-0.007935
-0.005809
-0.013764
-0.019825
-0.011982
-0.011864
-0.003035
0.000384
-0.003002
0.007618
0.006815
-0.001231
0.005755
0.014706
0.003939
0.001383
0.006446
0.012221
0.017788
0.006046
0.010250
0.015246
0.019461
0.009069
0.012887
0.009169
0.010817
0.012163
-0.001165
-0.008589
-0.016215
-0.018450
-0.018471
-0.024225
-0.026675
-0.015767
-0.012599
-0.003144
0.000852
0.000063
-0.006303
-0.013006
-0.002670
-0.009937
0.000680
0.010006
0.003761
0.001995
0.010974
0.018662
0.008594
0.006769
0.001715
-0.005015
-0.000477
0.000260
-0.006345
-0.013295
-0.002446
-0.009907
-0.002582
-0.008219
-0.012585
-0.001391
-0.003614
0.004088
-0.004191
-0.003732
-0.009950
-0.010952
-0.002670
-0.008375
-0.013540
-0.004263
-0.009244
-0.006266
0.004296
0.010607
0.016744
0.014111
0.005615
0.012016
0.015943
0.009459
0.015538
0.018003
0.010325
0.000794
0.006058
-0.003105
0.001061
0.006283
-0.003312
0.005969
-0.002180
-0.009561
-0.016347
-0.011397
-0.006517
-0.013527
-0.012254
-0.012814
-0.000397
0.010376
0.013260
0.009688
0.009918
0.010005
0.005339
0.011742
0.014780
0.018727
0.008025
0.003473
0.000501
-0.005976
-0.010169
-0.002571
-0.011006
-0.002179
-0.001325
-0.007552
-0.014970
-0.020844
-0.022483
-0.024829
-0.027704
-0.028771
-0.020280
-0.020507
-0.009488
-0.004960
-0.007019
-0.008690
-0.010070
-0.001326
0.005091
0.016556
0.014909
0.007403
0.014737
0.010741
0.021032
0.028468
0.034180
0.022925
0.013953
0.016470
0.015821
0.016905
0.005968
-0.004157
-0.012980
-0.012482
-0.014718
-0.018146
-0.012575
-0.005071
-0.006539
-0.000981
0.002170
-0.003730
-0.002379
-0.004233
0.004651
-0.000481
0.001599
0.004511
0.005546
0.014750
0.008361
0.000484
0.006801
0.005474
0.010546
-0.000109
0.003053
-0.005419
0.003349
0.000088
0.006018
-0.003813
0.002678
0.001273
-0.000468
-0.004437
0.001333
0.001990
-0.004710
-0.012799
-0.018677
-0.023667
-0.026203
-0.017438
-0.015708
-0.001221
-0.007236
-0.006893
-0.008358
-0.009465
-0.001111
0.004915
0.004186
0.014099
0.022750
0.013553
0.021640
0.012899
0.018499
0.025159
0.015647
0.009941
0.016143
0.008919
0.004931
0.004153
0.000698
0.002433
0.008432
0.011048
-0.000917
-0.002493
0.000928
-0.003883
0.003309
0.000261
-0.005085
-0.013564
-0.012768
-0.015660
-0.004319
-0.006713
-0.001513
0.001224
0.006515
0.001061
-0.008362
-0.003161
-0.002035
0.004748
0.000767
-0.005159
-0.000263
-0.002785
-0.004071
0.004331
-0.001667
-0.002506
-0.003516
-0.001141
-0.006532
-0.000907
0.000214
0.002040
-0.006065
0.002646
-0.005752
-0.003926
0.006506
0.009241
0.011740
0.003180
-0.006310
-0.012656
-0.006217
-0.008973
-0.015667
-0.020571
-0.012905
-0.010679
-0.010437
-0.000937
0.002820
0.002292
0.013118
0.018403
0.024373
0.012833
0.011175
0.018463
0.013455
0.005101
0.002908
0.010516
0.000577
0.002191
-0.002642
0.000066
-0.008731
-0.008016
-0.010826
-0.002242
0.001903
0.005951
-0.001123
0.002464
0.007484
0.000378
-0.003964
-0.012608
-0.002633
0.005901
-0.002121
-0.010748
0.000335
0.003738
0.011854
0.017582
0.021991
0.008293
0.014668
0.019382
0.022061
0.019741
0.010664
-0.000833
-0.011805
-0.021565
-0.021290
-0.012163
-0.005825
0.001753
0.001858
0.000380
-0.006171
-0.005447
-0.001874
0.005404
0.010838
-0.001721
0.004659
0.009565
-0.000207
-0.004038
-0.004395
-0.005445
-0.011872
-0.003928
-0.010744
-0.016361
-0.005898
-0.014459
-0.004888
-0.013159
-0.008928
-0.009123
-0.014753
-0.016927
-0.003859
-0.010801
-0.016082
-0.005952
-0.007732
-0.002173
0.002453
0.009260
0.006145
0.015283
0.008710
0.000815
-0.003933
-0.010798
-0.016127
-0.005586
-0.010849
-0.005991
0.005454
-0.001843
0.009731
0.001741
0.012572
0.009701
0.009544
0.012658
0.002705
0.010969
0.018887
0.025173
0.011775
0.001479
0.009342
0.016297
0.021337
0.008948
0.001600
-0.007478
0.000242
0.003683
-0.000299
-0.008524
-0.006672
-0.015700
-0.014234
-0.008487
0.000441
-0.008103
-0.003803
-0.005809
-0.005138
-0.012822
-0.018330
-0.015411
-0.017960
-0.007412
-0.012341
0.000353
-0.006286
-0.002500
-0.005085
-0.009077
0.000412
0.011452
0.013624
0.008888
0.016371
0.006586
0.006633
0.005155
0.011364
0.007339
-0.001758
-0.004748
0.001089
0.001882
0.003976
0.008339
0.013852
0.012731
0.016507
0.004730
0.003179
-0.004809
-0.007746
-0.008443
-0.006092
0.003778
-0.003383
0.005763
0.004343
0.003563
-0.005750
-0.013128
-0.003054
0.006319
0.002850
0.010736
0.011982
0.000659
-0.008148
-0.009568
-0.005703
0.003603
-0.001863
-0.007509
-0.011640
-0.018455
-0.007542
-0.014463
-0.019145
-0.012708
-0.015021
-0.018999
-0.014625
-0.017601
-0.019187
-0.008532
-0.006174
0.007430
0.017302
0.009895
0.015906
0.007309
0.004380
0.012994
0.019660
0.013298
0.020445
0.026999
0.018195
0.012630
0.015323
0.007196
0.007126
0.002208
-0.006413
0.001437
-0.001963
0.000854
-0.000841
-0.000515
0.001400
-0.004116
-0.004670
-0.012926
-0.019921
-0.011077
-0.001120
0.006980
0.009060
0.003542
-0.003300
-0.009643
-0.010136
0.000639
-0.004799
-0.006577
-0.011036
0.001066
0.010906
0.016046
0.013863
0.012644
0.001354
0.002194
-0.001161
-0.001708
-0.009431
-0.012408
-0.000859
0.008256
0.006120
0.010890
0.015799
0.021588
0.011723
0.012777
0.017006
0.004157
0.006112
-0.005559
-0.001696
-0.002753
-0.011792
-0.003926
-0.011767
-0.001995
0.003003
0.002766
0.004950
0.008898
0.014573
0.005846
0.011627
0.013735
0.013819
-0.000651
0.005294
0.001653
-0.002802
0.001821
-0.009588
-0.001881
-0.013374
-0.004609
0.001062
0.002708
-0.004371
0.002495
-0.008970
-0.005905
-0.014800
-0.013115
-0.021334
-0.027854
-0.031122
-0.022108
-0.020035
-0.006644
-0.013190
-0.018361
-0.012390
-0.005535
-0.000857
-0.000981
0.003394
0.000647
-0.002486
-0.002587
-0.007871
-0.003289
0.002358
-0.001320
0.002321
0.007201
0.017182
0.023640
0.012277
0.010782
0.009651
0.016541
0.016618
0.020689
0.025022
0.028816
0.028313
0.012237
0.000362
-0.010656
-0.002069
-0.012028
-0.008663
-0.017952
-0.011794
-0.011948
-0.016106
-0.009209
-0.015103
-0.021466
-0.009357
-0.011245
-0.014392
-0.017072
-0.003613
0.007210
0.016367
0.005891
-0.001583
0.007681
0.015170
0.017377
0.014575
0.002979
-0.003798
-0.000300
-0.005250
-0.013157
-0.019115
-0.019663
-0.023970
-0.025523
-0.018888
-0.014649
-0.004825
0.006080
0.012452
0.004194
-0.002517
0.005830
0.001995
-0.001554
-0.007389
0.005040
0.005506
-0.000686
0.005816
0.013570
0.005056
0.011493
0.019173
0.014802
0.019307
0.007549
0.001487
0.004418
-0.004846
0.002383
0.003129
0.011925
0.011695
0.018321
0.009085
0.003619
0.001895
-0.003868
-0.002603
0.000882
0.007526
-0.003680
-0.011316
-0.001241
0.004237
0.010675
0.004419
0.000165
0.008082
0.013313
0.000435
-0.010299
-0.001811
-0.011822
-0.017600
-0.024238
-0.016032
-0.018089
-0.013780
-0.008336
-0.002800
0.004176
-0.004480
0.005424
-0.002729
-0.007716
0.001401
0.011458
0.002467
-0.000169
-0.008056
-0.012261
-0.015872
-0.012872
-0.011830
-0.012601
-0.015387
-0.009123
0.003872
0.005041
0.000663
0.010317
0.009416
0.019321
0.009280
0.013130
0.007462
0.006941
0.007200
0.003189
-0.005371
0.005446
-0.003483
0.003079
-0.004361
0.002721
-0.004287
0.003214
0.012834
0.014369
0.014255
0.003377
-0.003537
0.006243
-0.001973
-0.009522
0.001484
0.010539
0.008440
0.010414
0.005723
0.007400
0.011397
0.013763
0.011481
0.015770
0.012589
0.017148
0.003374
-0.006970
-0.010198
-0.003356
0.002387
0.008589
0.011420
0.015233
0.009458
0.007962
0.007694
0.011375
0.002347
-0.010907
-0.003576
-0.000786
-0.006220
-0.007716
-0.001171
-0.012658
-0.016791
-0.014912
-0.016358
-0.017190
-0.019050
-0.016188
-0.010990
-0.000426
0.008325
0.013253
0.019029
0.006849
0.013261
0.010558
0.004713
-0.007082
-0.000280
-0.005543
0.001905
0.008293
-0.004215
-0.014136
-0.018541
-0.021017
-0.011267
-0.001978
-0.003291
-0.006330
-0.004612
0.002291
0.000047
0.006921
0.011122
0.017213
0.013732
0.014391
0.002048
-0.001708
-0.010378
-0.012812
-0.002646
-0.007293
-0.012144
-0.015350
-0.013660
-0.007226
-0.011887
-0.012148
-0.000262
-0.004453
0.003213
0.007539
0.012868
0.016968
0.009441
-0.001496
0.001532
0.004167
0.005124
0.009411
0.007917
0.011751
0.017707
0.016934
0.012162
0.004039
0.004633
-0.007552
-0.007831
-0.005245
-0.014692
-0.017881
-0.009512
-0.006545
-0.014051
-0.019241
-0.007651
-0.007133
-0.002857
0.004720
0.012822
0.009446
0.010810
0.002875
0.007635
-0.003213
0.005603
0.011725
0.012714
0.013801
0.002770
-0.000699
-0.010806
-0.017716
-0.023564
-0.021245
-0.015860
-0.016767
-0.021274
-0.010746
-0.015322
-0.018678
-0.022167
-0.019394
-0.008631
0.002680
0.009135
0.005590
-0.001480
-0.007363
-0.010680
-0.012416
-0.010796
-0.004622
-0.002543
0.010562
