-0.002827
0.001194
0.003761
-0.000776
0.007356
-0.002743
0.003039
-0.000504
-0.007047
-0.012289
-0.002276
0.007304
0.008219
0.009277
0.001597
0.008840
0.012937
0.001030
0.004076
-0.005935
-0.012369
-0.001830
0.007028
-0.002282
-0.002353
-0.001258
-0.003898
0.005213
0.005489
0.012847
0.004913
-0.006028
0.002424
-0.007912
-0.008134
0.001746
0.006449
-0.003557
-0.009680
-0.015087
-0.003552
-0.012007
-0.004039
-0.007119
-0.004489
-0.003297
-0.007300
-0.013588
-0.015506
-0.016592
-0.007672
0.003333
0.012557
0.015961
0.006575
-0.001610
-0.007519
0.004187
0.011915
0.007588
0.016012
0.007225
-0.001207
0.002508
0.010708
0.008519
0.015924
0.010925
0.015488
0.014980
0.010178
0.015333
0.001602
-0.009741
-0.017081
-0.023122
-0.027799
-0.015823
-0.009778
-0.003560
-0.008891
-0.003341
0.001486
-0.006079
0.004021
0.010894
0.004683
-0.004790
0.001741
0.010540
0.005385
-0.004211
0.003630
-0.005896
0.001261
-0.007735
-0.012992
-0.001259
-0.006695
-0.004004
-0.007956
-0.012215
-0.011887
-0.007388
0.000391
-0.004201
-0.010379
0.000714
-0.003295
-0.009600
-0.009946
-0.012685
-0.007023
0.005583
0.010058
0.013111
0.022250
0.011646
0.018284
0.013903
0.003356
0.006242
0.010732
0.000222
-0.002469
0.007346
0.014980
0.017591
0.022015
0.026071
0.015459
0.002134
-0.002756
-0.010282
-0.007354
-0.013093
-0.005460
-0.014196
-0.005649
0.000152
-0.008391
-0.009120
-0.000857
-0.006484
0.001576
0.008063
0.006089
0.006903
0.008267
0.014674
0.014751
0.006796
0.013124
0.006907
-0.000188
0.001984
-0.008948
-0.018336
-0.009698
-0.011607
-0.018366
-0.013613
-0.003408
0.004596
-0.000847
-0.009417
-0.016852
-0.009742
-0.002660
-0.009809
0.001767
-0.004888
0.003289
-0.005365
-0.006050
-0.001126
-0.007388
-0.003709
0.000622
0.000208
0.010096
0.017758
0.007491
0.015681
0.015300
0.006678
-0.003461
0.004366
-0.005431
-0.011595
-0.016252
-0.010244
-0.016332
-0.009272
-0.012058
-0.017521
-0.003618
-0.010039
-0.014214
-0.015268
-0.016796
-0.019430
-0.003509
0.009932
0.011257
0.014642
0.016071
0.024696
0.021726
0.026318
0.015689
0.008599
0.014189
0.019897
0.011416
0.008442
0.012422
0.018188
0.013131
0.013143
0.011549
0.016222
0.010952
-0.001716
0.000421
0.002416
0.005068
-0.006811
-0.000627
-0.001096
-0.006210
-0.016398
-0.023460
-0.013428
-0.016391
-0.006468
-0.015407
-0.021508
-0.010467
0.000022
0.006500
0.012758
0.003046
0.001555
0.002766
0.000188
0.007575
0.012511
0.017676
0.020093
0.017631
0.005173
-0.000620
-0.000542
-0.000385
-0.010296
-0.019602
-0.014691
-0.022545
-0.027688
-0.015447
-0.004036
-0.005913
-0.012240
-0.008142
0.002958
-0.000167
-0.008238
-0.012986
-0.016709
-0.021014
-0.020432
-0.013441
-0.015335
-0.018595
-0.010383
-0.007340
0.001686
-0.003672
0.000820
-0.003249
0.005990
0.010723
0.005611
0.017294
0.010750
0.014743
0.023428
0.012440
0.005391
0.002371
0.012297
0.016505
0.018141
0.024646
0.013082
0.016595
0.021095
0.021838
0.008105
0.008656
-0.000631
0.001708
0.003403
-0.004193
-0.014134
-0.021726
-0.011583
-0.017573
-0.007410
-0.009677
-0.009967
-0.004206
-0.000122
0.004831
-0.000491
-0.001574
-0.004257
-0.003840
-0.006103
-0.000223
0.008721
-0.000460
-0.006488
-0.010976
-0.001864
0.007125
0.013635
0.005197
0.005567
-0.004326
-0.011580
-0.014233
-0.020055
-0.019388
-0.014847
-0.001434
-0.004623
-0.001313
0.009989
0.001380
0.007095
-0.000346
-0.006362
-0.011768
-0.014610
-0.000656
-0.006516
-0.008400
-0.002620
0.002344
0.010147
0.013770
0.017966
0.025702
0.026673
0.024320
0.020431
0.011186
0.017633
0.010467
0.016336
0.020505
0.017196
0.008851
0.011776
0.007522
0.004950
-0.000121
0.005074
0.004163
-0.009054
-0.007721
-0.011520
-0.009125
-0.004906
0.001166
-0.007373
-0.012230
-0.007367
-0.016397
-0.008974
-0.000190
0.007315
-0.002902
-0.009719
-0.005760
0.003231
0.002034
0.006863
0.000455
0.000641
-0.009501
-0.004012
-0.010759
-0.011330
-0.001464
0.004510
0.003056
0.006729
-0.003801
0.002469
-0.007060
-0.015401
-0.005975
-0.007340
0.000676
-0.005703
-0.013127
-0.012215
-0.009437
-0.004247
-0.007939
-0.005084
-0.003835
0.005839
0.015062
0.004568
0.004266
-0.004838
-0.001323
0.006952
0.008893
0.009465
0.015631
0.021081
0.011238
0.002350
0.009975
0.006785
-0.002781
-0.006448
-0.013535
-0.021026
-0.022322
-0.013561
-0.009282
-0.011437
-0.004751
-0.011451
-0.016849
-0.011193
-0.014915
-0.003225
0.006791
0.012652
0.021218
0.026841
0.021947
0.025958
0.012291
0.000636
0.004884
-0.003990
-0.009194
-0.012345
-0.004487
-0.004179
-0.011456
-0.009317
0.000114
-0.008324
0.001060
0.008501
0.004278
-0.000125
0.009445
0.014165
0.015654
0.020056
0.024850
0.010356
0.000398
-0.005131
0.003315
0.010220
-0.002369
-0.004174
-0.002380
-0.005966
-0.015372
-0.022902
-0.023935
-0.027290
-0.031134
-0.029549
-0.028097
-0.020563
-0.021597
-0.020978
-0.014579
-0.001166
-0.003924
-0.003046
0.001858
-0.003058
-0.003715
0.004295
-0.000746
-0.004281
-0.007731
0.005074
0.016126
0.008901
0.002468
-0.002580
-0.007126
-0.002523
0.007561
0.016300
0.021179
0.011756
0.021792
0.029115
0.021464
0.020809
0.023827
0.011948
0.018106
0.014761
0.002584
0.008381
0.000257
-0.009592
-0.001523
-0.007243
-0.006975
0.000298
-0.008822
-0.002199
-0.002438
-0.006508
-0.013272
-0.009760
-0.016314
-0.019592
-0.022107
-0.007868
-0.009412
-0.000168
-0.005029
0.001976
0.004160
0.014851
0.011411
0.002692
0.002219
-0.001210
0.007314
0.004892
0.013743
0.020693
0.010871
0.003881
0.011366
0.002846
0.007649
0.013621
0.008247
-0.000841
-0.000775
0.004482
-0.001008
-0.010622
-0.004493
-0.002961
-0.006624
-0.012187
-0.008747
-0.012995
-0.004919
0.005439
-0.003743
0.006482
-0.001392
0.003153
0.004362
-0.005059
0.005363
0.012873
0.013123
0.017814
0.005995
0.002870
-0.000812
0.007560
-0.003686
0.002187
0.001781
-0.001444
-0.002065
-0.005491
-0.006789
-0.014456
-0.004058
0.005506
-0.004522
-0.008685
-0.003441
0.005473
0.009874
0.000024
0.000105
0.002268
0.002847
0.008623
0.000983
-0.006517
-0.001342
0.006534
0.011789
0.017039
0.010991
0.010967
0.001040
-0.003176
0.002555
0.006163
0.011959
0.016769
0.003700
-0.008301
-0.002152
-0.012230
-0.006251
-0.010052
-0.002247
0.005511
-0.006204
-0.001335
-0.002700
-0.011310
-0.002577
0.005635
0.007437
0.005314
0.011075
0.003588
-0.001778
-0.001022
0.004220
-0.004428
-0.001811
-0.004614
-0.014474
-0.022213
-0.012815
-0.013627
-0.016756
-0.009008
0.000147
0.000121
0.008241
0.015792
0.011057
0.003580
0.009689
0.013688
0.010425
0.013643
0.013183
0.017934
0.014095
0.014491
0.002400
0.004770
-0.005308
-0.016501
-0.013878
-0.012569
-0.007651
-0.010690
-0.006237
0.000457
-0.009444
-0.013104
-0.005662
-0.002317
0.006191
0.013120
0.014509
0.010829
0.016089
0.017372
0.020755
0.022743
0.019989
0.009707
0.004554
0.007994
0.000320
0.004709
-0.004562
-0.001707
-0.006187
-0.001997
-0.001003
0.000893
0.005319
-0.006822
-0.018574
-0.023968
-0.027998
-0.028746
-0.033209
-0.032625
-0.032287
-0.024826
-0.028729
-0.031498
-0.016634
-0.003140
0.008601
0.017848
0.013093
0.010704
0.001470
0.010765
0.018933
0.014272
0.020183
0.024557
0.020400
0.011932
0.004330
0.010058
0.015370
0.001578
-0.009896
-0.019006
-0.011219
-0.001487
0.006598
0.009899
-0.001491
-0.006886
-0.004537
0.001499
-0.000869
-0.005881
-0.007310
-0.000029
0.007536
-0.001864
-0.007615
-0.015904
-0.022873
-0.015492
-0.003529
-0.007907
-0.015090
-0.009077
-0.013805
-0.018839
-0.004769
0.006182
0.015866
0.006734
-0.000869
-0.004404
-0.008405
0.001817
0.008955
0.005311
0.014601
0.005486
0.001024
-0.006701
-0.011349
-0.016050
-0.020706
-0.010389
0.002564
0.011407
0.002278
0.010371
0.005908
0.007899
0.009949
0.001635
0.010794
0.000902
0.004310
0.006704
0.014775
0.013366
0.004975
0.004483
-0.004844
0.004283
-0.005883
0.002376
0.005747
0.010185
0.015495
0.002858
0.006432
0.001587
0.002334
0.009643
-0.000032
-0.004118
0.000771
0.006418
-0.000887
-0.008533
-0.002091
-0.012019
-0.001984
0.001366
0.005871
0.011885
0.005348
0.003394
0.005162
0.010680
-0.002104
-0.012727
-0.003413
-0.011718
-0.003703
0.002856
-0.003769
-0.008566
-0.001615
-0.000661
0.006569
-0.004679
-0.005360
-0.001270
-0.002867
0.005324
0.011057
0.005037
0.005867
0.002137
0.003216
0.002952
-0.007550
-0.003661
-0.007325
0.000580
0.007428
0.011225
0.000652
-0.005605
-0.012486
-0.013738
-0.003962
0.002369
0.005222
0.010314
-0.001073
0.006484
0.012717
0.016307
0.003459
0.002641
0.004667
0.005530
0.009235
0.007708
0.009029
-0.004514
0.000213
-0.006977
-0.016269
-0.024371
-0.012898
-0.020471
-0.018561
-0.018123
-0.018961
-0.010469
-0.003216
0.001445
-0.001581
-0.002624
0.007506
-0.000739
0.003805
0.009045
0.016389
0.004292
-0.005244
-0.008060
-0.004091
-0.010149
-0.016639
-0.012546
-0.004982
0.001031
-0.001635
0.002090
0.008508
0.002762
-0.004866
0.002689
0.010419
0.000413
-0.008006
0.002468
0.008056
0.008850
0.015897
0.020679
0.015022
0.003045
0.008389
-0.003195
-0.002877
-0.012024
-0.019211
-0.016340
-0.021714
-0.021774
-0.024358
-0.011966
-0.004460
-0.006815
0.005133
0.011495
0.007370
0.005300
-0.002650
0.006972
0.001847
0.009048
0.000360
-0.007457
-0.007021
-0.008946
-0.014759
-0.014772
-0.017460
-0.018768
-0.017884
-0.014144
-0.000101
0.011945
0.022492
0.024120
0.029974
0.028227
0.026967
0.026476
0.027802
0.017687
0.022568
0.025994
0.028556
0.029004
0.015409
0.018116
0.002050
0.004465
0.001373
0.003997
-0.007705
-0.019166
-0.026352
-0.034041
-0.023019
-0.023590
-0.017205
-0.024248
-0.016545
-0.010127
0.000830
-0.001376
-0.001769
-0.001470
-0.004231
-0.011781
-0.008178
-0.001644
0.008546
0.002362
-0.002241
-0.005071
-0.011830
-0.000095
0.009973
0.015512
0.021035
0.018539
0.013666
0.008233
0.004438
0.000285
0.006487
0.008004
0.014077
0.017316
0.003878
0.005588
0.008830
0.007788
-0.005256
