-0.008722
-0.013534
-0.016864
-0.006092
-0.011900
-0.011886
-0.016126
-0.003591
0.007448
0.016657
0.016561
0.014461
0.015342
0.006332
0.001674
0.006609
0.012548
0.019052
0.015521
0.016388
0.011964
0.010252
0.010775
0.005252
0.004746
0.008230
0.011031
-0.002048
-0.010975
-0.015467
-0.008479
-0.013052
-0.003963
-0.005708
0.002454
-0.007892
-0.002613
-0.008259
-0.007005
-0.001198
0.003473
0.000662
-0.004901
-0.002481
-0.011599
-0.011785
-0.002218
-0.007846
-0.012363
-0.007203
-0.011549
-0.000357
-0.008388
-0.001081
-0.000351
-0.002990
0.003884
0.006721
-0.002279
0.001737
0.001264
0.009114
0.014331
0.006749
0.005366
0.002809
0.010916
0.015831
0.010525
0.000827
-0.005775
-0.000270
-0.000044
-0.001525
-0.006326
0.001450
0.007370
0.011540
0.016322
0.018616
0.007676
0.009030
0.013702
0.016508
0.006728
0.008248
0.012497
0.014577
0.017195
0.018698
0.005843
-0.008524
-0.006343
-0.018442
-0.028302
-0.018637
-0.010015
-0.003801
-0.012472
-0.015038
-0.014349
-0.005196
0.002239
0.008337
0.003549
0.007320
0.002723
-0.004034
0.000458
0.007044
0.007588
0.000706
-0.004100
-0.003243
-0.008438
-0.000552
-0.002491
-0.011837
-0.020314
-0.025841
-0.031273
-0.035169
-0.030771
-0.025974
-0.026953
-0.028987
-0.028608
-0.016235
-0.008278
-0.004905
-0.007158
-0.005934
-0.008926
0.001043
0.003043
0.006380
0.009503
0.021176
0.030151
0.037520
0.042921
0.037389
0.024688
0.021450
0.011904
0.018142
0.006334
0.013066
0.010744
-0.000310
-0.010306
-0.002431
-0.008895
-0.017230
-0.023850
-0.026667
-0.015960
-0.019397
-0.006442
-0.004007
0.000191
0.010244
0.017199
0.021836
0.019926
0.011554
0.017508
0.005291
0.003595
-0.003414
0.002583
0.010019
0.010956
-0.000608
-0.006419
-0.015254
-0.009986
-0.003242
-0.007367
-0.000416
0.005452
0.007613
0.013629
0.002001
-0.007709
0.001156
0.008817
0.004757
0.003430
-0.003307
0.004687
-0.000409
-0.010142
-0.013360
-0.015060
-0.021305
-0.014566
-0.011618
-0.013300
-0.014562
-0.004969
-0.003470
-0.010131
-0.001900
-0.008222
0.003026
0.001301
-0.001072
-0.005810
0.005271
-0.002558
-0.003618
-0.009297
-0.011219
-0.014068
-0.013159
-0.013689
-0.017063
-0.015034
-0.015072
-0.016206
-0.003017
-0.006328
-0.005919
-0.003028
0.004464
0.006629
0.001888
-0.002456
0.001301
0.013416
0.024254
0.030737
0.024055
0.029423
0.021617
0.022837
0.024043
0.014220
0.015887
0.004884
-0.001805
-0.010052
-0.001726
-0.008251
-0.011992
-0.008452
-0.006269
-0.013123
-0.010028
-0.008921
-0.000818
0.000771
-0.006460
0.000602
-0.006446
0.000927
0.009961
0.013372
0.010770
0.009958
0.000529
0.008637
0.007233
0.008670
0.011244
0.018277
0.009977
0.006613
0.013539
0.019191
0.019547
0.009219
-0.002927
-0.003005
0.004330
-0.004210
-0.007355
-0.001386
-0.005197
-0.004821
-0.003678
0.002172
-0.008303
-0.015289
-0.006608
-0.010147
-0.016424
-0.022776
-0.013724
-0.014194
-0.007937
0.000765
-0.003570
0.003048
-0.002176
-0.009467
0.001393
-0.006298
-0.002957
0.005864
0.010065
0.008027
-0.000984
0.007333
-0.001628
-0.009183
-0.011128
-0.016745
-0.021219
-0.024264
-0.009483
-0.012913
-0.000284
0.006001
0.014662
0.020829
0.027192
0.031566
0.018849
0.019877
0.017213
0.022641
0.009939
0.011235
-0.000207
-0.009279
-0.001567
0.006438
0.007703
0.002913
-0.005202
-0.012697
-0.005128
-0.010488
-0.000740
-0.007318
-0.006107
-0.013060
-0.017945
-0.006086
-0.008201
-0.013164
-0.012785
-0.018288
-0.015180
-0.007549
0.003154
0.000103
0.007556
0.006628
0.002136
0.011698
0.016132
0.023282
0.018819
0.019269
0.007691
0.014753
0.020050
0.009658
0.010463
0.000236
-0.007617
-0.012154
-0.020107
-0.011914
-0.013219
-0.016748
-0.018388
-0.023527
-0.010452
-0.015485
-0.004996
0.000445
-0.005940
0.004448
-0.000660
0.009568
0.003597
-0.003166
-0.005673
-0.011780
-0.016415
-0.004666
-0.001168
0.010152
0.002881
-0.000139
-0.003015
0.004598
0.008577
0.000965
0.001319
-0.005620
0.005872
0.014106
0.012533
0.017003
0.006680
-0.002279
0.002860
-0.004070
0.005692
0.006867
-0.002250
-0.000308
0.008524
0.003483
0.011938
0.014782
0.017432
0.011090
0.017133
0.004849
-0.005869
-0.001897
0.000871
0.004930
0.004418
-0.003005
-0.004003
0.000423
0.006873
-0.001813
0.005773
-0.003514
0.000082
0.001486
-0.007570
0.000033
0.006758
0.000996
-0.009084
-0.002396
-0.011744
-0.002051
0.006043
-0.004545
-0.008469
-0.010906
-0.016280
-0.015620
-0.004420
-0.007570
0.002810
-0.005626
-0.003067
-0.009840
-0.007491
0.002760
0.007333
-0.001728
-0.000063
0.001545
-0.001196
-0.007014
-0.004598
-0.009216
-0.007675
-0.011209
0.000142
0.003752
0.013137
0.003932
0.011630
0.004060
0.012167
0.007348
0.003743
0.012235
0.009542
0.013013
0.016177
0.021680
0.024145
0.019169
0.019319
0.022264
0.024030
0.011744
-0.002016
-0.012781
-0.022681
-0.015204
-0.015152
-0.021294
-0.013970
-0.004810
-0.000291
-0.006963
-0.004822
-0.010387
-0.012382
-0.005704
-0.001043
0.006902
-0.002733
0.005326
0.012470
0.004065
0.010984
0.005910
-0.003839
-0.010952
-0.002180
0.004051
-0.003560
-0.012475
-0.006353
-0.014295
-0.010068
-0.013242
-0.013301
-0.015481
-0.016581
-0.021405
-0.025256
-0.024648
-0.013742
-0.013415
-0.004555
0.002259
0.012072
0.018937
0.012494
0.009966
0.002896
-0.004122
-0.003122
-0.003635
0.007321
0.016716
0.008429
0.012656
0.019924
0.013461
0.007084
-0.001006
0.007280
-0.002031
-0.009231
-0.002452
-0.000312
0.005341
0.004019
-0.004575
-0.008095
-0.008305
-0.014312
-0.018940
-0.023130
-0.026168
-0.015426
-0.010592
-0.013547
-0.014514
-0.017014
-0.011535
0.000212
0.013016
0.019692
0.016187
0.017191
0.025882
0.017315
0.008814
0.014805
0.010582
0.012586
0.016883
0.010539
0.013420
0.020029
0.024851
0.028442
0.029608
0.014736
0.007997
-0.000567
0.000861
-0.000537
-0.009276
-0.015128
-0.014927
-0.022499
-0.019817
-0.025247
-0.030203
-0.032601
-0.032491
-0.018608
-0.015533
-0.019270
-0.005475
0.005469
-0.000896
0.006129
0.000447
-0.005496
-0.010222
0.003196
0.000821
-0.004704
-0.008763
0.002144
0.003120
0.014360
0.010021
0.005918
0.003593
0.012466
0.004036
0.003349
0.009818
0.001428
-0.003596
0.006798
0.015459
0.022810
0.021123
0.024692
0.017261
0.019121
0.008400
0.014562
0.002224
-0.008242
-0.001746
0.005413
-0.004648
-0.010052
-0.016373
-0.023151
-0.016655
-0.021831
-0.009536
-0.012063
-0.007967
-0.011363
-0.016424
-0.011362
-0.001725
0.009568
0.018812
0.008787
0.012375
0.005818
0.001682
-0.002657
-0.005571
-0.012160
-0.017471
-0.016135
-0.019007
-0.019228
-0.011659
0.001773
-0.001849
0.007828
0.018389
0.026934
0.018118
0.022136
0.015193
0.013156
0.005246
0.008069
0.005517
0.000327
0.003876
0.002632
0.000872
0.006761
0.006932
0.012690
0.003249
-0.006122
0.000067
-0.001192
0.004815
0.004371
0.008720
-0.002197
0.005030
0.008294
0.007609
-0.003538
-0.011682
-0.002080
0.004015
0.000542
0.001861
0.008217
-0.002652
0.001896
0.001654
-0.002045
-0.011534
-0.019307
-0.021268
-0.022601
-0.019465
-0.014771
-0.003032
-0.005442
0.001507
-0.002116
0.005660
0.006040
0.008736
0.006975
-0.001796
0.006457
0.002538
0.006960
0.012367
0.013928
0.014092
0.012940
0.001884
0.001686
0.009422
0.010414
0.004995
0.006511
-0.002540
-0.000126
-0.007836
-0.005036
-0.008880
-0.005136
-0.009269
-0.014395
-0.021093
-0.008985
0.001483
0.002189
0.004430
0.009267
0.004245
-0.004810
-0.009588
-0.000322
-0.008655
-0.012681
-0.016882
-0.008092
-0.004431
0.002578
0.002175
-0.002269
-0.000955
-0.003588
-0.006109
-0.010366
-0.009052
0.000147
-0.005566
0.003403
0.003732
0.007955
-0.000202
0.010195
0.001700
-0.000698
0.005128
-0.001468
0.002630
-0.004257
-0.010850
0.000696
0.007917
0.010594
0.018884
0.024360
0.016109
0.021914
0.009443
-0.000457
0.006159
0.012879
0.003207
-0.005939
0.002243
0.009584
0.000273
0.007030
0.012730
0.008603
0.010309
0.004791
-0.004613
-0.011326
-0.015247
-0.009888
-0.002078
-0.002337
0.000189
-0.009013
-0.013546
-0.015594
-0.005903
0.001007
0.008322
0.015259
0.003399
0.004247
0.011323
-0.000421
0.006128
0.010235
0.015698
0.014871
0.018924
0.017834
0.015494
0.011435
0.003017
0.004775
-0.005464
-0.001262
-0.012303
-0.010169
-0.003163
-0.004943
-0.015465
-0.017064
-0.012615
-0.014973
-0.019866
-0.026684
-0.022194
-0.027654
-0.026459
-0.017957
-0.019916
-0.023608
-0.016755
-0.004314
0.002792
0.013632
0.022684
0.029783
0.018594
0.025106
0.012870
0.003598
0.004467
0.010166
0.006293
-0.000234
-0.005818
-0.012166
-0.002626
-0.001923
-0.002485
-0.003907
-0.011873
-0.016931
-0.016137
-0.015024
-0.019926
-0.006921
-0.002377
0.008841
0.010868
0.002291
0.011745
0.020036
0.018249
0.021106
0.022147
0.014280
0.005745
0.006080
-0.003238
-0.010274
-0.015357
-0.019297
-0.016667
-0.005219
-0.006694
-0.013588
-0.011201
0.000500
-0.000758
0.002270
0.003853
0.013067
0.020568
0.021597
0.020387
0.023634
0.024104
0.022010
0.025217
0.009994
0.013660
0.012188
0.000497
0.003144
-0.009386
-0.002857
-0.001180
0.004519
0.001036
-0.011019
-0.020821
-0.011710
-0.020627
-0.011001
-0.019657
-0.025140
-0.013135
-0.009659
-0.016567
-0.006265
0.003224
0.005626
-0.001134
0.007152
0.000800
0.000054
-0.003179
-0.010382
-0.004699
-0.007116
-0.014220
-0.013918
-0.012256
-0.013478
-0.016234
-0.005639
-0.008459
-0.002004
0.001258
-0.000074
0.009612
0.001560
-0.005284
-0.010618
-0.011814
-0.015389
-0.010139
-0.005636
0.006493
0.000003
-0.001249
-0.005900
0.001088
-0.001172
0.001021
0.004123
0.012764
0.010910
0.011049
0.006268
0.016317
0.017014
0.020446
0.019201
0.024807
0.025563
0.021442
0.014186
0.002685
0.002379
-0.007874
-0.007786
-0.001694
-0.002908
-0.009059
-0.008474
-0.007444
-0.000341
-0.005920
-0.013210
-0.018082
-0.007446
-0.008512
-0.009078
-0.012228
-0.016324
-0.017279
-0.021052
-0.010035
-0.013931
-0.013482
-0.006301
-0.004987
-0.001396
0.010983
0.011452
0.011639
0.005516
0.010139
0.010677
